5444444444455445554445555555555445444555555544444444444455544444444554344444553222222222222332322222222222222223456656555555555566432222222222222222222222222222222222234443212222222222222222222223333333333333333333344444444
4444444443444445445555555555544455445555455444444444444555544434444444444445422222222222222222222222222222222223466665555555566653222222222222222222222222222222222223443211222222222222222222222222233333333333333333334444344
4444444443333444445555545555444454455444445444444444444444554433444444444444212222222222222222222222222222222333466665565666666422222222222222222222222222222222222234322222222222222222222222222222222323333223333433333433333
5444444443333444444554444444545544555444444444444444444444445543344444444442122222222222222222222222222222222333466656666666664222222222222222222222222222222222222442222222222222222222222222222222222344433333233444333333333
5554444443333444444544444444455545554333445444444444444444445544334444444322222222222222222222222222222222222233566666666666632222222222222222222223333222222222234422332333232222222222222222222222222223344444433334333333333
5555444433334444444544444445555555554433455544444444444444444444444444443333233222222222222222222222222222222223566666666665322222222222222222222233332222323322343223333333333222222222222222222222222222223334444433443333344
4555555443344544444444444455555555555444455544444444444444444444444444543333333333322222222222222222222222222223566666666653332222222222222222223333333323322223432333333333333332222322222222222222222222222333334444333434344
4555555443344444444444444444445555545555555544444444444444434444444444422122222233332222222222222222222222222224666666666543322222222222222222223333333223332234323443333333333333333333222222222222222222222333333344444444444
3444454443444444444444455444444444545545555554444444444444433444444443212222222222332232222222222222222222222234666666666533322222222222222222333333332233233343234444333333333333333333333322222222222222222223333333444444444
3444445443344444444444454444444444445544555554444444444444444444444432222222222222222233322222222222222222233335666666666432222222222222222233333333333333333442334444343333334444333333333332222222222222222222333333334443344
3334444443344444444444454444444544455444455554445554445444444454444422222222222322222223332222222222222222233335666666665322222222222222222333333333323333334433344444344444444444333333333333332222222222222222233333344554444
3343344443344444443344444444444455554444455555445555455555444444444322222222223322222222233332222222222223333345666666653223333333322222223333333333233333334333344444444444444444344333333333222223333222222222222334444445555
3333333333344444444444444434444555544444456555544554555555444444444334333222222222222222222233333222222223333345666666422233333323222222333333333222333333343333344444444443344443444433333333322233333333322222222233444444445
3343343333444444444444444333334555554444455555544444445555554444444455444333222222222222222222333322222233333345666665323333332222222233333333322222233333342333334444444344444444444433333333222223333333333322222222334444444
3333344344444444444444555433344555554445555555444444445555554444544455666543323222222222222222233433222233333344666665333333322233222333333333322222223323433333334434444344444444444433333333333233333333333333332222223444444
3333334444444444444444555544444455444445555555555444455555554444543456666665543322222223322222223344332233333334566665433333333332223332332233322222233234323433333333333334444444443333333333333333333334333333333332222344444
4443344444434444444445555444444444444444455555555444445555554444444456666666665333222233322333333334444333333334566665433333333332233332222222222232232234234433333333333333444434344434333333333333333333344433333333322233444
4443344434444444444444454544444445554444455445555555444555555444444456666666666543322232222333332222344433333334566665433333333332333322222222222222332342334433334433333333334443344444333333333333322333333444444333333322344
4444444434444444334444444444444445554444444455455555555555555544444456666666666665433322223332222222223444343334466665333333333333333222232222222223223432344433344333333333333343433333333333333333322223333344443344333333223
5544554434444444434444444444433345554444455455555555555555555544445555666666666666654332233222223333233355444344466665333333333333332222232222222232235423344333343333333333333333433333333333333333332222333334444444443333332
5544444334444444443444445444443445555444455555555556554555555444445555666666666666665543332233333333333345444444456664223333333333332222222222222222354323333333333333333333333333333433334333333333333222233333344444444433333
5444443343444444444444445544444544555544445554555556655555555544445555666666666666666665433333333333333345544444456664333333333343333322222223332224432223333333333333333333333333333333334443334433333322222333334444444444443
5434443343444444455444444544444444445544455544554555555555555544444455566666666666666666544433333333333334554444456664333334444443333332222223322343222222222233232222333333333333333344344444444444333322222233333333444444444
4434443333344444445544444444444444444444446555555555556555555544444454556666666666666666665443333333333334555444456653333333333433344333222332323432222222222222222222222333333333333333344444444444333333322222333333444444444
4444443333444444445544444444444444444444456655555555555555555554454455556666666666666666666654433333333333455444456654333333332222222222334433324323333222222222222222222333333333333333344344444444333333332222222333333444444
4444444444555544444544444445444444444444456666665655555655555554454454456666666666666666666666544333333333345544446654333333333443333333323333434333333333222222222222333333333333333334444444444444444333333222222222333344444
4444444444444444444444444444443333444433345556655555455666555554544455555566666666666666666666665443333344434544445664433333434433333333443333344333333333333333332333333333333333333333344444444444444433333322222222222334444
4444444443333444444444444444443333444433345555555554555556555554455556555555666666666666666666666544333344433454445664333343444433333333344333344333444333333333333333333333333333333333444444444444444333333333322222222223334
4444444433333444444455444444454444443334445555555555555555665554555555555556666666666666666666666654444444333455444564343444444333333333443333454344444444333333333333333323333333333333344444444444444444333333333222222222233
4444445443333344444455444444444444444444445555556666666666565554566655555666666666666666666666666666544443334455545564333333344433333333444333453344444444433333333333333333333333333333333444444444444444433333333323222222222
4444455543333333454444544455454444443444445555566666666666666555666666665566666666666666666666666666654443344444555555444433333433344444444333453344444444443333333333333333333333333333333344444444444444433333333332232222222
4444455543333334454444554444454334544443445555566666666666666556666666666666666666666666666666666666665444444434455556434443333333334444443334553444444444444443333333333333223333333333333334444444444444443333333333333333222
4554455444433344454444544444443333454344445555566666666666666666666666666666666666666666666666666666666555444444455555433344333333444444444434544444444444444443333333333333333233333333333333444444444444443443333333333333222
5555455433333343445444543344443333345454455556666666666666666666666666666666666666666666666666666666666665444444445555533344433333344344444444554444444444455444343333333333333333333333333333334344444444444433333333333333333
5443333321111222334554444444444444345555555566666666666666666666666666666666666666666666666666666666666666544444444555533334433333333334333444554344444444555444444443333333333333333333333333333344444444444433333333333333333
2111111111111111112233333333332333345566555566666666666666666666666666666666666666666666666666666666666666644444444555533334433333333333444444543344444445454444444444433333333333333333333333333343444444444444444333333333333
1111111111111111111111111111111112235666665566666666666666666666666666666666666556666555666665666666666666655444444456543333333333333334444444444444444444445544444433444444433333333333333333333334444444444434433333333333333
2211111111111111111111111111111111124656666666666666666666666666666666666566666556665335666666556666666666665444444346543333333333333444444445544444444444545544444444444444444443333333333333333333444444444434443333333333333
2221111111111111111111111111111112235655666666666666666666666666666666655666666655665334666555555666666666666554444446654333443333333444445445544554444444544554444444444444444444434333333333333333444444444444444333333333333
2222211111111111111111111122221223345666666666666666666666666666666666555656666655566433565555555666666666666665444445654334443333334444455445544444444444455554444444444444444444444433333333333333344444444433444443343333333
3222222111111111111111111111222234445666666666666666666666666666666666666665566556666644455555566666666666666666544444555444443333344444455444544444444444555555444444444444444444444443333333333333344443343444444443333333333
2222222222111111111111111111112235446666666666666666666666666666666666666665555556666654445544566656666666666666654445556444444443344444444444544444454444554545444444444444444555444444333333333333333433334344444433333333333
2222222222211111111111111111111224556666666666666666666666666666666666666666666666666665444554566555566666666666665455556544444444444444444444544444454445555455444444444444444455554444443333333333433333333344444443444344343
1112222222221111111111111111111124666666666666666666666666666666666666666666666665566666554444566555556666666666666545555644444444444444444444544444454445555445544444444444444555454444444444444333433333333334443434444444333
1111122222222211112221111111111124666666666666666666666666666666666665556666666666666666666544456555544666666666666555445654444444444444444444444444454444554544554444444444444555544444444444443344433333333344433344444443443
1111112222222222122222221111122234666666666666666666666666666666666666666666666666666666666544445665554466666666666654545654444444444444444444444444444454455554454444444444444555555554444444444344333333333334333344444434433
1111112222332232222222322221222335666666666666666666666666666666666555566656666666666666666544445566654456666666666654545664444444444444444444544444444545455454454444444444444545555555444444444444433333333333334434444344444
1111111122333333322222333332223455666666666666666666666666666666666566556666666666666666666655555555555555666666666665445664444444444444444444544444444444545455455444444444444555555455444444444444433333333333344434444444444
1111111122233333333222334444334566666666666666666666666666666666666666666666666666666666666665556655555555666666666665545665444444444444444444444444444444445445454444444444444555454555554444444444433333333333444344444444444
1111111112223333333322233344445566666666666666666666666666666666666666666666666666666666666666666666666666666666666666545565444444444444444444544444444444445444444444444444444554444555554444444444433333333333444444444444444
2111112212222333333333333334455666666666666666666666666666666666666666666666666666666666666666666666666666666666666666555566444444444444444444544444444444444444444444444444444555555555555444444444433333333334444444444444444
2222111111222223333333333433455666666666666666666666666666666666666666666665555666666666666666666556666666666666666666655556544444444444444444444444444444445445444444444444444555555545554544444444333333333334444444444444444
3222221111112222222333333434456666666666666666666666666666666666666666665666665566666666666666666666666666666666666666655556544444444444444444444444444444444444444554444444444555555555555544444444333333333344444444444444444
3332222211111111111222333444556666666666666666666666666666666666666666666666666666666666666666666666666666666666666666654556644444444444444444444444444444444444444444444444445555555555545544444444333333434444444444444444444
3333222222221111122222233445566666666666666666666666666666666666666666666666666666656666666666666666666666555666566666665555654444444444444445444444444444444444444444444444445555555555554554444444333334444444444444444444444
3333332222222221222222223455666666666666666666666666666666666666566666666666666666665666666666666665555445555566656666665555654444444444444444444444445444444444544444444444444555554555554454444443334444444444444445444445444
3333332222222222222222233456666666666666666666666666666666666666556665666666666666666666666666655555554456655556665666666555654444444444444444444444444444444444444444444444444555555555554444444443344444444444444445444444544
2222222222222222222222233466666666666666666666666666666666666666665665666666666666666666666665545434565455665445666666666555554444444444444444444444445444444444444444444444445555555555554554444444444444444444444444455444545
1111112222233322222222223466666666666666666666666666666666666666666666666666666666666666666655444433466544455455665556666555555444444444444445444444445444444444444444444444445555555455555545444444444444444444455444445444455
1111122223333333222222223456666666666666666666666666666666666666666666666666666666666666666654345532356644455566555555666655555444444444444445444444444444444444444444444444445555555455555555444444444444444444444444444445555
1111222223333333333322223456666666666666666666666666666666666666666666666666666666666666666653246532356666666555555555566655555544444444454445444444544444444444444544444444444555545555555455445444444444444444444444444444545
1111222333333333333333233456666666666666666666666666666666666666666666666666666666666666655664356555566665554444445455556665555544444444454445444445554444444444444444444444444555555555555544445444455444444444444444444445554
1111122233333333333333334456666666666666666666666666666666666666666666666666666666666666655666666666654444444444444455555665555554444444455544444445554444444444444444444444444555555555555555454445555444444444444444444444455
2221122233333333333333455566666666666666666666666666666666666666666666666666666666666655445665555556533334444444444455555566555555545444455444444445455544444444444444444444444455555555555555555545554444444444444554444444544
2222222223333333333334456666666666666666666666666666666666666666666666666666666666655444446654344356532334444444444445555556655556555545555544544444555444544444444444444444444455555555555544555545554444445544444454444455444
1122222223333333333445556666666666666666666666666666666666666666666666666666666666554444456655566456532234444444444444555555655556655555455554544444555555444444444444444444444455555555555454444555544445445544544444444444444
1111112233333333333456666666666666666666666666666666666666666656666666666666666665554443356556666456532333444444444444444555555555666655555554554444555555444444444444444444444455555555554555544554544444544454444444444444444
1111111112234443333456666666666666666666666666666666666666666666666666666666666665544333355556666556533333344444444444445555555555556655555555554444555555554544444444444444444455554555555555554554554444454554454445555544445
1111112222222334444456666666666666666666666666666666666666666666666666666666666555433333455556666566533333344444444444444445555555556665555555555444555555555445444444444444444445555555555554444545545544454444445444445444554
2222222222222222334456666666666666666666666666666666666666666666666666666666665555433333455544444566543333344444444444444445555555556665555555555544555555555544445444444444444444555555555554444544444554454454444444445544554
3333222222222222222346666666666666666666666666666666666666666666666666555556555554333333466555555666654333333444444444444444555555555665555555555655555555555555445444444444444444555555555555454444444455544445445455445445555
3344332222222222322235666666666666666666666666666666666666666666666665555555555544333333566666666666665433333444444444444444455555555565555555555666555555555555554555444444444445555555555555444444544444544444444555545555455
1223343333332223323334666666666666666666666666666666666666666666666555555545544443333445566565655555666433333444444444444444445555555555555555555566665555555555655554444444444444555555555555555444554544444544445544444544455
1111223444333333333345566666666666666666666666666666666666666666666555444444444433344565555555566555555433333333444344444444444555555555555555555566666555555555555555444444444444455555545555554455444544445544554544444555554
2211111223444333333345566666666666666666666666666666666666666666665555444444444444456555444555566555555543333333444444444444444455555555555554555566665666666555555555544544444444455555555555544455554445445544455554445545555
2222112122234444333445666666666666666666666666666666666666666666665554444443333433455445555555566555555543333333333444444444444445555555555655555556655556556666665555555444444444445555555555545545454445545445555444554544455
2222222222222344444455666666666666666666666666666666666666666666665554444443333333455555554455565555555544333334444434433344444444555555555566555455555555555556666666665544444444444555555555455555545454544445554455554454455
2222222222333345655556666666666666666666666666666666666666666666665544333333333334565554444455565555555554333333334444333333334444445555555566665544555555555555555666666554444444444555555555555455544444454554554555444454455
3222222222345444565666666666666666666666666666666666666666666666665444333333333334565544444555665555555554433334333343343333334444444555555556666655445555555555555555555555554444445555555555445555555555445555455555445555555
2222222222335554445665666666666666666666666666666666666666666666655443333333333334565544445555665556556654443334433443343333333444444455555556666666554455555555555555555555544444445555555555555555454555555455444455455455554
2222222222234555555666666666666666666666666666666666666666666666655543333333333344555544455555665556666654443333333334433333333344444445555556666666665555555555555555555555555445445555555555555445555555555555544555545555555
2222222223334556666666666666666666666666666666666666666666666666655543333333333333455444455555665545666655444433333433333333333344444445555555556666666655555555555555555555555555444555555555555455555455555554555454445545555
2223323233334556666666666666666666666666666666666666666666666666665543333333333333455444455555665545666665444434334443333333333344444444555555556666666665555555555555555555555555555555555555555555555555555554555554455544555
2222222333333466666666666666666666666666666666666666666666666666655444333333333333455444555555655545666665554444334444333333433344444444455555555666666666555555555555555555555555555555555555455555555555555555555544445554544
2222233223333455445666666666666666666666666666666666666666666666655443333333333333455544555655555544666665554444444443333333433344444444445555555666666666555555555555555555555555555555555555555555555555555555554455545555555
2333322223333332223455666666666666666666666666666666666666666666655443333333333333455545566555555444566665455444444433344443333334444444444555555566666666655555555555555555555555555555555555555555555555555555555554444555555
3333322333333333222346666666666666666666666666666666666666666666665443333333333333455545566555555445566665555444444433333333334344444444444455555566666666665555555555555556566666666655555555545555555555555555555555554555555
3333333333333443323456666666666666666666666666666666666666666666665543333333333344455545566655555555566666555444444443333333344444444444444445555566666666666555555566666666666666665555555555555555555555556655555555555545555
3333333334444443333456666666666666666666666666666666666666666666666543333333333444455545566655555555666666544444444443344433344444444444444444555555666666666655666666666666555555555555555555455555555555556666555555555555555
3333433333334444332345666666666666666666666666666666666666666655555543333333333344455545566665555555666666544444444443333333444444444444444444555655566655666665666555555555555555555555555555555555555556666666665555555555555
3333333333334444332345666666666666666666666666666666666666666665544333333333333344445555666655655555666666544444444443333334444444444444444444455445566665666666555555555555555555555555555555555555555556666666665555555555555
3333333333333444322235666666666666666666666666666666666666666655554433333333333344445555666665655566666666544444444443334444444444444444444444445555655566665666665555555555555555555555555555555555555666666666666655555555556
3333333333333333322235666666666666666666666666666666666666666655544443333333333444445555666666655566666666544444444443333444444445544444444444445555566556655666666555555555555555555555555555555555555666666666666656555555666
3333333333333332222234666666666666666666666666666666666666666655544444443333333444445555666666666666665565544444444433344444444445544444444444445566556656665556666665555555555555555555566666666555555566666666666665555556666
3333333333333333333334566666666666666666666666666666666666666665554444443334344344345555666666666555555565544444444444444444444445544444444444444566655665666555666666655555555555555555555566666666555566666666666666565555666
3333333333333333333444566666666666666666666666666666666666666666555544443344444443345555566666665544445565544444444444443444443445555555544444444566665566556655555666666555555555555555555555556666666666666666666666565566666
3334333334333333344444566666666666666666666666666666666666666666554444444443444444345555666666665544445565444445555544444344444445555555544444444566666556655665555556666666555555555555555555555555666666666666666666566666666
3333333333334444444455566666666666666666666666666666666666666666655444444434444443345555566666666554455565555555445554444444444456555555554444445566666665666556555555555666666665555555555555555555555566666666666666666666666
3333333444444444445555666666666666666666666666666666666666666666655444344444444444445655566666666655555665555555544445544443444456555555554444445566666666666655556555555556666666666666665555555555555556666666666666666666666
3344444444444455555556666666666666666666666666666666666666666666655444444444444444444655566656666555556654445555443344554444434456555555555444455666666666665666655555555555555666666666666665555555555556666666666666666666666
4444444444455555555555556666666666666666666666666666666666666666665544444444444444444665566556666666666544444444333334554444434566555555555544555666666666666666666555555555555555555566666666666655555555666666666666666666666
4445555555555555555554445666666666666666666666666666666666666656666554444444444444444666566556666566665444444433233345554444444566555555565544555666666666666666666655555555555555555555555666666655555555666666666666666666666
4555555555555555544433334566666666666666666666666666666666666655555555544444444444444566666666666666654444444332233445544444445566555555565554556666666666666666666666555555555555555555555566666555555555666666666666666666666
4444444555555444333333334566666666666666666666666666666666666666555555555544444444444566666666666655444444444332333455544444445566655555566555566666666666666666666666666655555555555555556666665555544555666666666666666666666
4444433333333232333323345566666666666666666666666666666666666666555555544444444444445566666666666544444443443333333455544444445566655555666556666666666666666666666666666655555555555556666666665554454555666666666666666666666
3222221111122222222112244456666666666666666666666666666666666555555555544444444444444556666666655444444444443333334455544444445566555555666666666666666666666666666666666655566666666666666555555554444555666666666666666666666
1112221111112222222222344455666666666666666666666666666666666655555555544444444444444455666554444444444444444333334455544444445666555555666666666666666666666666666666666666666666666666655555555555445556666666666666666666666
2223333222222333222222334445566666666666666666666666666666666655555555544444444444444444444444455555444444444433334445554444455666555556666666666555556666666666666666666666666665555666555555555544445556666666666666666666666
2222222333333322112222334445566666666666666666666666666666666655555555544444444444444444444455566666555444444443334445554444455666555556666666665555555556666666666666666666666655555556555555555554445556666666666666666666666
2211112122222221122333334444556666666666666666666666666666666655555555544444444444444444444555666666555544444444444455665444555666556666666666666666666666666666666666666666666665555555555555555554555556666666666666666666666
2221222121122222222223334444445666666666666666666666666666666666555555554454444444444444445556666655555555444444444456665444556666555555555555556666666666666666666666666666666666555555555555555554555566666666666666666666666
2221122211222222222233334444444556666666666666666666666666666665555555555555554444444444455566666655555555555444444556665455666655544445555555555555556666666666666666666666666666665555556665555555555566666666666666666666666
2211111112222222333333344444444455666666666666666666666666666666665555555555554444444444445566666655555544555544444566665555665554444455566666666666555566666666666666666666666666666665566665555555555666666666666666666666666
2211112223333332223344444444444444555666666666666666666666666666666666555555555544444444455666666666555444555555545566665555555555566555666666666666666666555566666666666666666666666665555555555555555666666666666666666666666
2222222333333222223344444444444444455566666666666666666666666666666666666666555544444444556666666666555555555555556666555555555566556665566666655555566666665556666666666666666666666666556666555555555666666666666666666666666
2222222233332222333444444444444444444455666666666666666666666666666666666666655544444444566666666666655555555555555555555544445555555655566666555666666666666666666666666666666666666666655666655555556666666666666666666666666
2221222222323333444444444444443344444444566666666666666666666666666666666666665544444445666666666666666555555555555555555433333455555555555555566666666554556556666566666666666666666666655556665555666666666666666666666666666
3334443333333444444444444444444444444444556666666666666666666666666666666666665532224556666666666666666555555555555555443343333444555555555555666666665544444444555555666666666666666666665556666556666666666666666666666666666
3333444443433444444444444444444443444444456666666666666666666666666666666666666311113566666666666656665555555555554443223333344443334444455566666666665555565555544555556666666666666666666556666656666666666666666666666666666
3332223433333334444444444444555555554444455666666666666666666666666666666666665211114566666666665566665555555544443322223333444443333344555556666666555566666666555555555666666666666666666556666666666666666666666666666666666
4443333222333344443334444444445555544444555666666666666666666666666666666666665211125566666655665566665555555433333332333344444444333334445555666665554556666666555555555566666666666666666666666666666666666666666666666666666
3322233333333333344444434444445555444444455666666666666666666666666666666655565111145666666655665556666666544322223334334444434444444333444444555555445565556666665554555556666666666666666666666666666666666666666666666666666
3333333333322233444333333444555544444444455555665566666666666666666666666555664111255666666666665566666655432223333333333334433333444443344444333444445555555555555555555555666666666666666666666666666666666666666666666666666
2223333322233334332222234444444443333444445554455566666666666666666666666566663111355666666666655666655544333333332112233333343333334444444433333333322334555444455555555555556666666666666656666666666666666666666666666666666
2111122222233322222222234444444444433333345554445666566665666666666666666666652111466666666666655666655444444444433333333333333333333444444443333334333334444555445445555555555666666666666656666666666666666666666666666666666
2211111122111112222222333333444444333433444433345666555666666566666666666656651111566666666556556666554444444444433333333333333333333444444444443333444444444444545554444555555555666666666666666666666666666666666666666666666
2111222222211122222222333333444444444444443333345555555555655566666666666666641112666666666555556665544444433333333333333334444444433344444444443334444344444334444555555555555555555555556666666666666666666666666666666666666
2111222222222222222222233333344444444443333222334555555555556655666666666666631113656666666666566654444433322233433333333333444444333333444444444444444444444444445445545545555665555555556666666666666666666666666666666666666
2222222222222222222222222333344344333322222222334444555555555555666666666666621114666666666666666544444433223333332332333333333222333333445445554454444444444445555544555555566666666666666666666666666666666666666666666666666
2222333333332222222222222223333333222222222222334444445555444555666666666666411115666666666666665544433333333333322221223333332222333333455544444444444444444454455555445555655666655666666666666666666666666666666666666666666
2222223333333333222222222222222222222222222222234444344454444555666666665555311126666666666666665434333333333333332222223334443333333333344444444433333344444444444555544555555555555666666666666666666666666666666666666666666
2222222333333344432222222222222222222222222222233444444445555555566666556654211136566666666666654344444333333444443222223334443333333333444544444333333334444444444555554455555555566666666666666666666666666666666666666666666
2222222233333334443322222222222222222222222222233454444445555555566666666665211146666666666666544454444444443333443333333333333333333333455555544433333333445554444556655455555555566666666666666666666666666666666666666666666
2222222333333333344333222222222222222222222222233334544444555555556666666665111156666666666666544443344433333333322234444544322222333333334444445543333333334455445566666555555555666666666666666666666666666666666666666666666
2222222233333333444433222222222222222222222222222333454455555445555666666664111366666666666665444444433333223432222233344554321222333333334454445655333333334445556666666655555566666666666666666666666666666666666666666666666
2222222333333334444443322222232222222222222223222333444444555544455566666664111465556666666665443344333333333432222223333454321223333334444455555566532222223344556666666655555666666666666666666666666666666666666666666666666
2222223333333344444443322222222222211123322222222333333333344554445566666664212565556666666654443333333333344432222233333344443223333344443345555555544332222334556666666555555666666666666666666666666666666666666666666666666
2222223343333333444443332222222211111123322222222333333333234554444566666664323555666666666544433333333333444433322333333334454433334444444444444433333434444455555566655444445566666666666666666666666666666666666666666666666
2222222333333334434444332222222111112222222223223333333333333455455566666664334655566666665544433333333333443433333333333344444444444434455665543322222333445554444555544333444556666666666666666666666666666666666666666666666
2222222333333334444444433222222222344332222222223333333333333445556666666654335656666666665544333333333333333443333333333444433444444445555555543222223333344444444444433223334555666666666666666666666666666666666666666666666
2222222333333333344444433222222222233333332222333333333333333455666666665554345554566666665444333333333333334443212332233333333334444554455555544333333333344444444444443333344555566666666666666666666666666666666666666666666
2222223333233333344444443222222222222344433223233333333333333455666666654544346544456666665444333333343333444321112222233333333333344544445555544433333333444444444444444444444444555666666666666666666666666666666666666666666
2222222222223334334444433222223333344555443233333333333333334455566666655544345543334566665543333334444333332111112222223333333333334444444444455443333344444444444444333333344444444556666666666666666666666666666666666666666
2222222222233333433344333222234455555555543333333333333333334455566666655544356543333466655444433444443332222222222222222333333333344444454444554444444444444444444443333333333444333456666666666666666666666666666666666666666
2222222233233333333444332223344455555445543333333333333333334455566666666543355322234566665544344544333322222222222333332233333344455443344444445554433333444444444433333333344444444455666666655666666666666666666666666666666
3222223333223333344444332234444555554445543233333333333333333445666666666543454333456666666543444433322222222222233222233322333344444333344444455443333443444433444433333334455555544444556666666666666666666666666666666666666
2222333333323233334443333444445555555555443323333333333333333345566666666533465666666666665444444322222222222112232222233322222333322233444444444433233333333333333333333444555556555655555666666665666666666666666666666666666
2222333333222222333333334444555655444555554332333333333333333344565566666433465666666656655444432222222222222111222222223332222222222233444445444443333333333333333445544444555555566666666666666666666666666656666666666666666
2232333333222222223344444455555444334555554433333333333333333344555556665332466666654446654554322222222222221222222222223332222222222233443344444443333333333333333444554444555555666666555666666665566666666666666666666666666
2233333333222222223455555555554333445555554333333333333334444444455556665333566666655566555543333222222222211122222222223332222222222223333344445543333333333333333444444455555566655566555556666666666666666665666666666666666
2233322222212212234455555555443344455555543333333334444444444444445555554333566666666666555433443322222211111111222222233332222222222222233444444443233323334444444455444444555555555556555555555555666666666655666666666666666
2333322222211223344455555554444444455444443333333455544433334444455554444444666666666666654344443332221111112221122222233332222322222222223344443333223323333444444444443444455555444455555665554455566666666665566666666666666
2232222222222334444455554433344444444444444333334556655433344444455554444445666666666665544444443332221111122112222222333322222232222222223333322223322233334444454555444444445555544444555665544455556666666666555566666666666
2222222222223344444455544333444444444444443333344566666555554444455554444445666666666655433443343322221122222222222222333222222222222222222222222232332223333334444555544444444444444444455555444455556666666666555555655666666
2222222222333344444454444333444444444444443333345666666666654444555544444455666666666554334443343323333222222222222223332222222222222222222222222222222332333334444455555444455554433444455544344455566666666666555566666666666
2223323334444444444444443333333344444444433333334566666666665555555544444456666666655543344433433334433332222222222233334432222222222222222222232222222333333334444445555555555555433333334443334455666655555555556666666666666
2333233344444444544444333333344444444443333333333456666666666666555555444456666666665543444334433344333333222222223333345543333222222222222222332223222223233333444455555566665666544333333333333344455444333344556666566665666
3333333343444444444443333344444444444433322333333344555556666666665544445556666666665433443333334433333433222222233222345554544332222222223222223323322332223333334555555556665666654333333333443333333344333333445566566665566
3333344444444444444443444444444444444543332233333334444556666666665444555556666666665433433333344434444332222222333223355555544433322222222222223322222232232333344555555555566666654433333333333333333334443333334555666666666
3333333444444444444444444444334444444443222223333333345555666666665444555566666666654333334444433444443322222233322334555555444443332222222222233223332232222223334444443445666666554444333333333333333333333433333445555666666
3334433444444444444444444444455555555433323333333333334556666666665545433466666665653333344444444444432222233332222345555554444443333332222232222223232232222233333333333334455665544334433343334333333333333333333334455655666
3444443344444444444344444444555445544322223333333333334456666666666544211366666555443333444444444445432223333322222345555544444444333333333332222222222233322223333333333333344444433334433343344444433333333333333333344555566
3443334444444444444444444444444444443333332333333333333445666666665444333566666544432234444444444444322233322222222345555444444444333333444333232232322233322233333333333333444443433333333333344444444444433333433333334445566
3344444444444444444444444444444444444443333333333333333344566666654444666556665444322344444444444432222333222222222345554444444444443333333433332222233222322233333333333333344444334333433343333444444444444444444333333334455
4444444444444444444444444444444444443334444433333333333334456666644345665566664443333444445544443222333322222222222245544444444444444333333334333323233223332333333333333333444544444333433343333444444444445444444443333333444
4444444444444444444555544444444444433444444443333333333334455666643345655666654443234444555544322333332222222222222234444444444454444433333333333323333332222233333333333334455444444333333334333444444444444444444444333333333
4444444445444444444455544444554444444555544444444443333444445666544455566666644443334444444432233333223333222222222233444444444444444444444333344333322332222333333333333334455444554444334443444444444444444444444444444444333
